15922730211
15923157014
15223769474
15025451665
18896159969
15023916919
15086637082
13647647595
15213616672
15723666619
15023603533
13883197269
15823274180
19115064569
13983975808
13709468964
13340385995
13628267979
15213752090
17830168161
15025648392
17848607458
15922868915
13608383070
18723314386
15215162080
19812908468
15922789552
13908323969
15025593512
13527395750
18896096106
15823941201
15882223302
17823622548
13637741523
13996196019
15922854686
18580548029
13883531717
15823083710
13883834305
15923504757
15082578252
13527377146
13983908520
13983075148
15922831773
18225137559
18874029661
18223290274
18423394515
18375648607
15213358922
18581208895
15826255392
18723397033
18223015005
15736250974
15826267293
13996765557
13412617018
15025473084
15909331999
13509413688
13883680652
13678491609
13752814268
13896166768
13896195183
15023525354
18875154788
18203058190
13883990944
18883738502
18875511912
13883510002
15923589669
17815140039
13896129911
13452116371
15196887660
17823722213
18723583873
15202393237
15213053636
13896304363
15823711962
17823785398
13983857067
15723198155
